start_time_sec: 36472.354460000
end_time_sec: 36505.507067000
