start_time_sec: 36608.234649000
end_time_sec: 36620.488062000
