start_time_sec: 36659.780959000
end_time_sec: 36712.083823000
