rot:
  max: 15.368947104553449
  mean: 5.163498967566282
  median: 4.488185757188503
  min: 1.7457935466497345
  num_samples: 518
  rmse: 6.019746178503016
  std: 3.094450268713915
scale:
  max: 3.4651533455405836
  mean: 1.0512280214685228
  median: 0.9746701737880781
  min: 0.002250990093188854
  num_samples: 518
  rmse: 1.3283623723311888
  std: 0.8120752668963136
trans:
  max: 25.217516885104136
  mean: 10.286896256419313
  median: 9.108185177330007
  min: 3.0776801462179777
  num_samples: 518
  rmse: 11.843679932656539
  std: 5.869626883957571
