start_time_sec: 36881.685222000
end_time_sec: 36893.492973000
