rot:
  max: 2.6426270091288964
  mean: 1.97254907034216
  median: 2.176904830511732
  min: 0.9538916009143008
  num_samples: 118
  rmse: 2.0436422013538493
  std: 0.534344095360553
scale:
  max: 0.036080818042472096
  mean: 0.015496016814656413
  median: 0.01506939769160276
  min: 0.00040488858673581873
  num_samples: 118
  rmse: 0.018054010708173196
  std: 0.009263949780235108
trans:
  max: 0.6008533231930033
  mean: 0.26227054984996495
  median: 0.2222303769897701
  min: 0.08559698237007933
  num_samples: 118
  rmse: 0.29021276403365476
  std: 0.12424816734845953
