rot:
  max: 6.535349874222177
  mean: 3.2401895340636386
  median: 3.085604123274209
  min: 0.1670830690095735
  num_samples: 526
  rmse: 3.4398441706136036
  std: 1.1548591695305774
scale:
  max: 3.043788435098649
  mean: 0.4657660662411398
  median: 0.3369079426364774
  min: 0.0009676835009186924
  num_samples: 526
  rmse: 0.6401132487488965
  std: 0.43909787378455944
trans:
  max: 0.12586934278670311
  mean: 0.024168465959255078
  median: 0.02151262568770293
  min: 0.00190438186826436
  num_samples: 526
  rmse: 0.028355434254150665
  std: 0.014829561858591415
