rot:
  max: 6.2659119356890285
  mean: 3.8884095829085332
  median: 3.61312850112406
  min: 3.0213633369071893
  num_samples: 117
  rmse: 3.9736252659287286
  std: 0.8185161388587537
scale:
  max: 0.09945639850639232
  mean: 0.03305566089577616
  median: 0.03346975932558838
  min: 0.0005553404313074495
  num_samples: 117
  rmse: 0.03894106790447614
  std: 0.020584704328322916
trans:
  max: 1.8032971493511551
  mean: 0.6956850106738253
  median: 0.6600710111846889
  min: 0.2635168743644931
  num_samples: 117
  rmse: 0.7589796847287369
  std: 0.3034345526710699
