rot:
  max: 10.91069913883533
  mean: 6.5233172187954915
  median: 6.559471576573923
  min: 1.7991350179973205
  num_samples: 2108
  rmse: 6.624733924627054
  std: 1.1547432766943606
scale:
  max: 12.675411289494365
  mean: 0.7613060256819667
  median: 0.6264809674314031
  min: 0.00012892372884820702
  num_samples: 2108
  rmse: 1.0969213694012727
  std: 0.7897149016635638
trans:
  max: 0.30525668567720937
  mean: 0.034973750933477536
  median: 0.03166928772942368
  min: 0.0016738396681274885
  num_samples: 2108
  rmse: 0.04061932746064053
  std: 0.02065832783643985
