rot:
  max: 4.578922323769182
  mean: 3.220672351302211
  median: 3.4158457179377915
  min: 1.7949786301646946
  num_samples: 1501
  rmse: 3.287800419609674
  std: 0.6609850261110591
scale:
  max: 2.531361638815355
  mean: 1.162860969748146
  median: 1.2185206361249312
  min: 0.0002645664173295259
  num_samples: 1501
  rmse: 1.2759176211530405
  std: 0.5250906026632315
trans:
  max: 0.05159299638473852
  mean: 0.024234262004818406
  median: 0.025379647958465194
  min: 0.001442590233524363
  num_samples: 1501
  rmse: 0.025682197654297592
  std: 0.008501518772326723
