rot:
  max: 45.83461511638287
  mean: 36.593234138534584
  median: 34.7121524503971
  min: 28.536190071655874
  num_samples: 460
  rmse: 37.126202274823584
  std: 6.268182402698829
scale:
  max: 1.2592416340277302
  mean: 0.5084146170733995
  median: 0.46024418272052614
  min: 0.00014728235988581417
  num_samples: 460
  rmse: 0.5727303595243868
  std: 0.2636942203899091
trans:
  max: 20.98097623301422
  mean: 9.869162341796205
  median: 8.124003577148606
  min: 6.374966733281467
  num_samples: 460
  rmse: 10.538741157310247
  std: 3.69657948001346
