rot:
  max: 5.664392024333252
  mean: 2.9201619961291674
  median: 2.4512456903236086
  min: 1.0763000507128835
  num_samples: 328
  rmse: 3.16959844455202
  std: 1.232480513464412
scale:
  max: 0.46037467087958195
  mean: 0.11296061846784568
  median: 0.059530020884190904
  min: 0.0004086142354919886
  num_samples: 328
  rmse: 0.16559048767771328
  std: 0.12107893410789802
trans:
  max: 3.303987585564946
  mean: 1.1053778911212555
  median: 0.9647487132372266
  min: 0.13647027630396938
  num_samples: 328
  rmse: 1.3162457253309026
  std: 0.7145925603252525
