rot:
  max: 23.492595378879695
  mean: 15.126092478965537
  median: 12.758035552441447
  min: 10.643059325383947
  num_samples: 3150
  rmse: 15.619894167793673
  std: 3.896462515007299
scale:
  max: 11.225706442170868
  mean: 1.9777854204506589
  median: 1.3629069416863926
  min: 4.842830980678059e-06
  num_samples: 3150
  rmse: 2.779141599410947
  std: 1.9524325494698267
trans:
  max: 0.16582717663065888
  mean: 0.07598176994935532
  median: 0.06670929115201928
  min: 0.017336670038664827
  num_samples: 3150
  rmse: 0.08531810909002692
  std: 0.038806576427984185
