rot:
  max: 4.923510311520728
  mean: 3.2886220650813094
  median: 3.4914629246749618
  min: 1.210656337297353
  num_samples: 3911
  rmse: 3.372773231090439
  std: 0.7487083420268387
scale:
  max: 1.6644849184799915
  mean: 0.46862224679798775
  median: 0.42864648677585215
  min: 0.00013574640641556002
  num_samples: 3911
  rmse: 0.5475907203970961
  std: 0.2832821682898813
trans:
  max: 0.06050199190376295
  mean: 0.022843982950673997
  median: 0.02315872818624928
  min: 0.002271661260199673
  num_samples: 3911
  rmse: 0.024990949171483423
  std: 0.010134100031131694
