rot:
  max: 17.44472073656272
  mean: 9.462901939327045
  median: 8.623111919515043
  min: 2.223371537076283
  num_samples: 2128
  rmse: 10.11505573016379
  std: 3.5732113442951845
scale:
  max: 4.941907492199893
  mean: 1.0127060263226584
  median: 0.8547943318178208
  min: 0.00019181932122691592
  num_samples: 2128
  rmse: 1.295866427813108
  std: 0.8085148749298778
trans:
  max: 0.23012302819890668
  mean: 0.0641126992992946
  median: 0.05749773861578262
  min: 0.01834844717520242
  num_samples: 2128
  rmse: 0.07201878206258418
  std: 0.03280650481743256
