rot:
  max: 2.750427661612417
  mean: 1.9745268372238238
  median: 1.9685460961538104
  min: 1.2489370715911143
  num_samples: 857
  rmse: 1.9868138776578432
  std: 0.22061993005319952
scale:
  max: 1.3317231376007932
  mean: 0.2926837548514542
  median: 0.1984847397825673
  min: 0.00017186522789369718
  num_samples: 857
  rmse: 0.41526172007359785
  std: 0.29458193394119914
trans:
  max: 0.03865877520926415
  mean: 0.008380348056154016
  median: 0.00598520437580132
  min: 0.0022724894568152587
  num_samples: 857
  rmse: 0.010022938942548243
  std: 0.00549809708024201
