rot:
  max: 6.680778772102163
  mean: 6.009175664206973
  median: 6.07490013437069
  min: 5.2253536315187885
  num_samples: 2560
  rmse: 6.015269590858002
  std: 0.2706955622164393
scale:
  max: 1.0029464905991547
  mean: 0.3276743407076531
  median: 0.2859300949522914
  min: 8.725409008647489e-05
  num_samples: 2560
  rmse: 0.41589898573937284
  std: 0.2561278836457364
trans:
  max: 0.02007543865363189
  mean: 0.009737061235656177
  median: 0.009324561951343312
  min: 0.0025888420915449024
  num_samples: 2560
  rmse: 0.010535643046399019
  std: 0.004023606950761689
