rot:
  max: 8.428071804022233
  mean: 1.3622484232550265
  median: 1.213100538539457
  min: 0.267505278551676
  num_samples: 831
  rmse: 1.5229286544781997
  std: 0.6808751133430964
scale:
  max: 5.766992271744065
  mean: 0.5268950536675475
  median: 0.4032768308935841
  min: 0.0006671698243976287
  num_samples: 831
  rmse: 0.7606381931141339
  std: 0.5485909799154619
trans:
  max: 0.14981385674137596
  mean: 0.01762437935750101
  median: 0.01201779847439785
  min: 0.001749361342569439
  num_samples: 831
  rmse: 0.023416121002004953
  std: 0.015417391966329118
