rot:
  max: 73.46888955377997
  mean: 9.540522972188151
  median: 9.078840903376657
  min: 8.243686367321105
  num_samples: 347
  rmse: 10.652835828781544
  std: 4.739338837023781
scale:
  max: 0.5692103052606368
  mean: 0.15032426733248475
  median: 0.11786746140078908
  min: 0.0009310129752471141
  num_samples: 347
  rmse: 0.1835673412660543
  std: 0.10535456055833428
trans:
  max: 12.271732062215216
  mean: 4.868815121357755
  median: 3.8470508571490423
  min: 2.786474561454828
  num_samples: 347
  rmse: 5.2200211800443865
  std: 1.8823550234081956
