rot:
  max: 16.660879883187395
  mean: 8.243515305890616
  median: 7.514812183244532
  min: 3.3534821602084297
  num_samples: 926
  rmse: 8.939695380414562
  std: 3.458700463490966
scale:
  max: 7.604070594479717
  mean: 2.5573148504190004
  median: 2.057539690254756
  min: 0.006044494660051303
  num_samples: 926
  rmse: 3.179559248331122
  std: 1.8893749679389782
trans:
  max: 0.2811356245539382
  mean: 0.10010214471919497
  median: 0.09472449786808951
  min: 0.017431302476974008
  num_samples: 926
  rmse: 0.10947217461991987
  std: 0.04431385380026853
