rot:
  max: 23.05407623407933
  mean: 13.805411652313317
  median: 12.575514792123085
  min: 10.569295221839992
  num_samples: 1685
  rmse: 14.002469254514178
  std: 2.340887509853147
scale:
  max: 17.871157219903377
  mean: 3.7622459853569317
  median: 2.510228638395917
  min: 0.0020030400982085084
  num_samples: 1685
  rmse: 5.251872314354136
  std: 3.6643782490274006
trans:
  max: 0.2357661080841588
  mean: 0.08363498257832953
  median: 0.052122639464437834
  min: 0.00573924748322608
  num_samples: 1685
  rmse: 0.10255580447993176
  std: 0.05935387705658754
