start_time_sec: 36916.495815000
end_time_sec: 36951.512501000
