cam0:
  cam_overlaps: [1]
  camera_model: pinhole
  distortion_coeffs: [-0.3743331231338534, 0.12796281058917858, 0.00033116866432368364, 0.0003815574831951761]
  distortion_model: radtan
  intrinsics: [254.76574687029012, 255.57830296120653, 170.74562912943188, 127.00024428693803]
  resolution: [346, 260]
  rostopic: /davis_left/image_raw
cam1:
  T_cn_cnm1:
  - [0.9996635131258793, 0.0016300986852805018, 0.02588828505519696, -0.14416655692866046]
  - [-0.0015459831509188166, 0.9999934622363631, -0.0032688561648344465, 0.00035929942585629206]
  - [-0.025893444361844997, 0.0032277333851400765, 0.9996594976672168, 0.004798059048355824]
  - [0.0, 0.0, 0.0, 1.0]
  cam_overlaps: [0]
  camera_model: pinhole
  distortion_coeffs: [-0.3757863961992008, 0.1373220520653391, 0.00020014301116896862, 0.0002017597581044972]
  distortion_model: radtan
  intrinsics: [274.4979579395106, 275.37423117976016, 169.60777787135524, 129.97691693232005]
  resolution: [346, 260]
  rostopic: /davis_right/image_raw
