start_time_sec: 36740.824203000
end_time_sec: 36787.187750000
